referrer,views_total,views_unique
github.com,29,3
Google,8,1
